20150929,283566,0,185,7,1828,10215,9,5,1,1,1,0,0.0,0,0,0.0,0,0,0,0,1,0,0,0,1,0,0,0,0.0,0,0
20150930,283566,0,185,7,1828,10215,11,5,1,1,0,3,87.25,7670,3,39.31,1,2876,1,0,1,0,0,0,1,0,0,1,39.31,2876,1
20151001,283566,0,185,7,1828,10215,11,2,0,0,0,0,0.0,0,0,0.0,0,0,0,0,0,1,0,0,0,1,0,0,0.0,0,0
20151003,283566,0,185,7,1828,10215,27,3,15,2,0,1,1.44,143,1,0.0,0,0,0,0,0,0,0,0,0,0,0,0,0.0,0,0
20151004,283566,0,185,7,1828,10215,6,3,0,0,0,1,7.67,95,1,7.67,1,95,1,0,0,2,0,0,0,2,0,1,7.67,95,1
20151005,283566,0,185,7,1828,10215,1,1,0,0,0,0,0.0,0,0,0.0,0,0,0,0,0,0,0,0,0,0,0,0,0.0,0,0
20151006,283566,0,185,7,1828,10215,11,3,1,1,0,3,22.03,977,2,21.26,2,975,2,0,0,1,0,0,0,1,0,2,21.26,975,2
20151007,283566,0,185,7,1828,10215,21,6,5,1,0,0,0.0,0,0,0.0,0,0,0,0,1,4,0,0,1,2,0,0,0.0,0,0
20151008,283566,0,185,7,1828,10215,14,7,2,2,0,0,0.0,0,0,0.0,0,0,0,0,0,0,0,0,0,0,0,0,0.0,0,0
20151009,283566,0,185,7,1828,10215,7,4,1,1,0,2,187.20999999999998,15652,2,187.20999999999998,2,15652,2,0,0,2,0,0,0,1,0,2,187.20999999999998,15652,2
20151010,283566,0,185,7,1828,10215,2,1,0,0,0,1,24.93,1917,1,24.93,1,1917,1,0,0,1,0,0,0,1,0,1,24.93,1917,1
20151011,283566,0,185,7,1828,10215,5,4,0,0,0,0,0.0,0,0,0.0,0,0,0,0,0,1,0,0,0,1,0,0,0.0,0,0
20151012,283566,0,185,7,1828,10215,25,4,2,1,1,2,293.86,21092,2,226.75,2,16298,2,0,0,0,0,0,0,0,0,2,226.75,16298,2
20151013,283566,0,185,7,1828,10215,7,4,0,0,0,2,170.9,15052,2,162.99,2,14764,2,0,0,3,0,0,0,3,0,2,162.99,14764,2
20151014,283566,0,185,7,1828,10215,11,1,1,1,0,1,11.46,958,1,11.46,1,958,1,0,0,0,0,0,0,0,0,1,11.46,958,1
20151015,283566,0,185,7,1828,10215,9,5,0,0,0,0,0.0,0,0,0.0,0,0,0,0,0,1,0,0,0,1,0,0,0.0,0,0
20151016,283566,0,185,7,1828,10215,10,5,0,0,0,0,0.0,0,0,0.0,0,0,0,0,0,3,0,0,0,3,0,0,0.0,0,0
20151017,283566,0,185,7,1828,10215,9,7,0,0,0,1,14.38,958,1,14.38,1,958,1,0,0,0,0,0,0,0,0,1,14.38,958,1
20151018,283566,0,185,7,1828,10215,11,5,1,1,0,1,14.38,958,1,14.38,1,958,1,0,0,0,0,0,0,0,0,1,14.38,958,1
20151019,283566,0,185,7,1828,10215,1,1,0,0,0,0,0.0,0,0,0.0,0,0,0,0,0,1,0,0,0,1,0,0,0.0,0,0
20151020,283566,0,185,7,1828,10215,8,3,0,0,0,1,191.75,19175,1,95.88,1,9587,1,0,0,1,0,0,0,1,0,1,95.88,9587,1
20151021,283566,0,185,7,1828,10215,4,2,0,0,0,1,11.51,479,1,11.51,1,479,1,0,0,1,0,0,0,1,0,1,11.51,479,1
20151022,283566,0,185,7,1828,10215,4,3,0,0,0,0,0.0,0,0,0.0,0,0,0,0,0,3,0,0,0,2,0,0,0.0,0,0
20151023,283566,0,185,7,1828,10215,6,4,1,1,0,1,172.58,15340,1,172.58,1,15340,1,0,0,2,0,0,0,2,0,1,172.58,15340,1
20151024,283566,0,185,7,1828,10215,9,2,1,1,0,1,17.26,1150,1,17.26,1,1150,1,0,0,0,0,0,0,0,0,1,17.26,1150,1
20151025,283566,0,185,7,1828,10215,6,5,1,1,0,0,0.0,0,0,0.0,0,0,0,0,0,1,0,0,0,1,0,0,0.0,0,0
20151026,283566,0,185,7,1828,10215,30,7,9,4,0,6,576.22,50045,5,576.22,6,50045,5,0,1,3,0,0,1,3,0,6,576.22,50045,5
20151027,283566,0,185,7,1828,10215,21,2,2,1,0,1,38.35,3835,1,0.0,0,0,0,0,0,0,0,0,0,0,0,0,0.0,0,0
20151028,283566,0,185,7,1828,10215,1,1,0,0,0,0,0.0,0,0,0.0,0,0,0,0,0,0,0,0,0,0,0,0,0.0,0,0
20151029,283566,0,185,7,1828,10215,23,5,2,1,0,0,0.0,0,0,0.0,0,0,0,0,0,2,0,0,0,2,0,0,0.0,0,0
20151030,283566,0,185,7,1828,10215,4,3,1,1,0,0,0.0,0,0,0.0,0,0,0,0,0,0,0,0,0,0,0,0,0.0,0,0
20151031,283566,0,185,7,1828,10215,4,2,0,0,0,0,0.0,0,0,0.0,0,0,0,0,0,0,0,0,0,0,0,0,0.0,0,0
20151101,283566,0,185,7,1828,10215,1,1,0,0,0,0,0.0,0,0,0.0,0,0,0,0,0,0,0,0,0,0,0,0,0.0,0,0
20151102,283566,0,185,7,1828,10215,9,6,1,1,0,1,5.75,95,1,5.75,1,95,1,0,0,2,0,0,0,2,0,1,5.75,95,1
20151103,283566,0,185,7,1828,10215,5,5,1,1,0,1,0.1,9,1,0.1,1,9,1,0,0,0,0,0,0,0,0,1,0.1,9,1
20151104,283566,0,185,7,1828,10215,1,1,0,0,0,0,0.0,0,0,0.0,0,0,0,0,0,0,0,0,0,0,0,0,0.0,0,0
20151105,283566,0,185,7,1828,10215,15,4,2,2,0,0,0.0,0,0,0.0,0,0,0,0,0,1,0,0,0,1,0,0,0.0,0,0
20151106,283566,0,185,7,1828,10215,11,4,0,0,0,1,162.99,14381,1,162.99,1,14381,1,0,0,5,0,0,0,2,0,1,162.99,14381,1
20151107,283566,0,185,7,1828,10215,14,7,1,1,0,1,30.68,2396,1,30.68,1,2396,1,0,0,7,0,0,0,4,0,1,30.68,2396,1
20151108,283566,0,185,7,1828,10215,18,5,4,3,0,4,477.47,41706,3,464.04,3,40747,3,0,0,4,0,0,0,1,0,3,464.04,40747,3
20151109,283566,0,185,7,1828,10215,2,2,0,0,0,0,0.0,0,0,0.0,0,0,0,0,0,0,0,0,0,0,0,0,0.0,0,0
20151110,283566,0,185,7,1828,10215,26,6,5,2,1,2,28.44,2172,2,28.43,1,2171,1,0,0,4,0,0,0,4,0,1,28.43,2171,1
20151111,283566,0,185,7,1828,10215,51,13,5,2,0,5,862.4200000000001,82501,4,784.75,4,79624,4,0,6,4,0,0,3,4,0,4,784.75,79624,4
20151112,283566,0,185,7,1828,10215,24,10,0,0,0,6,2492.8,249278,2,958.76,2,95876,2,0,0,9,0,0,0,5,0,2,958.76,95876,2
20151113,283566,0,185,7,1828,10215,12,4,0,0,0,1,10.05,958,1,10.05,1,958,1,0,2,9,0,0,2,1,0,1,10.05,958,1
20151114,283566,0,185,7,1828,10215,8,3,1,1,0,1,191.75,9,1,141.9,1,9,1,0,0,1,0,0,0,1,0,1,141.9,9,1
20151115,283566,0,185,7,1828,10215,3,3,0,0,1,0,0.0,0,0,0.0,0,0,0,0,0,2,0,0,0,2,0,0,0.0,0,0
20151116,283566,0,185,7,1828,10215,6,6,0,0,0,0,0.0,0,0,0.0,0,0,0,0,0,0,0,0,0,0,0,0,0.0,0,0
20151117,283566,0,185,7,1828,10215,9,7,0,0,0,0,0.0,0,0,0.0,0,0,0,9,0,0,0,7,0,0,0,0,0.0,0,0
20151118,283566,0,185,7,1828,10215,12,7,1,1,0,5,536.92,26,4,340.56,4,22,4,6,1,0,0,5,1,0,0,4,340.56,22,4
20151119,283566,0,185,7,1828,10215,21,8,1,1,0,2,57.53,2,2,16.57,1,1,1,4,0,3,0,4,0,3,0,1,16.57,1,1
20151120,283566,0,185,7,1828,10215,7,4,0,0,0,0,0.0,0,0,0.0,0,0,0,6,0,0,0,3,0,0,0,0,0.0,0,0
20151121,283566,0,185,7,1828,10215,3,3,0,0,0,0,0.0,0,0,0.0,0,0,0,0,0,1,0,0,0,1,0,0,0.0,0,0
20151122,283566,0,185,7,1828,10215,12,5,1,1,0,0,0.0,0,0,0.0,0,0,0,1,0,0,0,1,0,0,0,0,0.0,0,0
20151123,283566,0,185,7,1828,10215,11,7,1,1,0,0,0.0,0,0,0.0,0,0,0,2,0,3,0,2,0,3,0,0,0.0,0,0
20151124,283566,0,185,7,1828,10215,82,6,5,3,2,3,191.76000000000002,7,3,136.14,3,7,3,4,0,2,0,4,0,2,0,3,136.14,7,3
20151125,283566,0,185,7,1828,10215,15,8,1,1,0,1,19.18,1,1,14.19,1,1,1,2,0,1,0,1,0,1,0,1,14.19,1,1
20151126,283566,0,185,7,1828,10215,15,4,0,0,0,2,57.53,2,1,14.19,1,1,1,3,0,11,0,3,0,1,0,1,14.19,1,1
20151127,283566,0,185,7,1828,10215,27,9,0,0,0,1,19.18,1,1,14.38,1,1,1,8,0,5,0,4,0,3,0,1,14.38,1,1
20151128,283566,0,185,7,1828,10215,3,1,0,0,0,0,0.0,0,0,0.0,0,0,0,1,0,0,0,1,0,0,0,0,0.0,0,0
20151129,283566,0,185,7,1828,10215,3,3,0,0,0,0,0.0,0,0,0.0,0,0,0,2,0,2,0,2,0,2,0,0,0.0,0,0
20151130,283566,0,185,7,1828,10215,14,7,1,1,0,1,57.53,2,1,42.57,1,2,1,3,0,1,0,3,0,1,0,1,42.57,2,1
20151201,283566,0,185,7,1828,10215,9,6,0,0,0,1,19.18,1,1,14.19,1,1,1,1,0,1,0,1,0,1,0,1,14.19,1,1
20151202,283566,0,185,7,1828,10215,2,2,0,0,0,0,0.0,0,0,0.0,0,0,0,0,0,0,0,0,0,0,0,0,0.0,0,0
20151203,283566,0,185,7,1828,10215,15,4,1,1,1,1,19.18,1,1,14.38,1,1,1,1,0,2,0,1,0,2,0,1,14.38,1,1
20151204,283566,0,185,7,1828,10215,8,5,3,3,0,0,0.0,0,0,0.0,0,0,0,1,0,2,0,1,0,2,0,0,0.0,0,0
20151205,283566,0,185,7,1828,10215,6,6,0,0,0,0,0.0,0,0,0.0,0,0,0,1,0,2,0,1,0,2,0,0,0.0,0,0
20151206,283566,0,185,7,1828,10215,7,5,0,0,0,0,0.0,0,0,0.0,0,0,0,1,0,3,0,1,0,3,0,0,0.0,0,0
20151207,283566,0,185,7,1828,10215,25,13,2,2,0,3,287.63,14,2,142.66,2,9,2,7,0,1,0,6,0,1,0,2,142.66,9,2
20151208,283566,0,185,7,1828,10215,6,4,0,0,0,0,0.0,0,0,0.0,0,0,0,3,0,1,0,3,0,1,0,0,0.0,0,0
20151209,283566,0,185,7,1828,10215,7,5,1,1,1,2,115.06,5,2,82.44999999999999,2,5,2,4,0,1,0,4,0,1,0,2,82.44999999999999,5,2
20151210,283566,0,185,7,1828,10215,14,6,0,0,2,2,306.81,14,2,220.51,2,14,2,3,0,1,0,2,0,1,0,2,220.51,14,2
20151211,283566,0,185,7,1828,10215,18,7,1,1,1,1,38.35,1,1,28.38,1,1,1,4,0,3,0,3,0,2,0,1,28.38,1,1
20151212,283566,0,185,7,1828,10215,23,7,1,1,0,3,421.86,20,3,316.4,3,20,3,4,0,2,0,3,0,2,0,3,316.4,20,3
20151213,283566,0,185,7,1828,10215,14,11,0,0,0,1,38.35,1,1,28.76,1,1,1,0,0,8,0,0,0,7,0,1,28.76,1,1
20151214,283566,0,185,7,1828,10215,10,8,0,0,0,1,38.35,1,1,28.76,1,1,1,5,0,1,0,3,0,1,0,1,28.76,1,1
20151215,283566,0,185,7,1828,10215,20,10,1,1,0,1,76.7,3,1,57.53,1,3,1,2,0,2,0,2,0,1,0,1,57.53,3,1
20151216,283566,0,185,7,1828,10215,19,6,2,2,0,1,19.18,1,1,16.52,1,1,1,2,0,1,0,1,0,1,0,1,16.52,1,1
20151217,283566,0,185,7,1828,10215,11,6,0,0,1,1,38.35,1,1,28.76,1,1,1,2,0,1,0,2,0,1,0,1,28.76,1,1
20151218,283566,0,185,7,1828,10215,12,3,1,1,0,1,19.18,1,1,13.23,1,1,1,1,0,1,0,1,0,1,0,1,13.23,1,1
20151219,283566,0,185,7,1828,10215,3,3,0,0,0,0,0.0,0,0,0.0,0,0,0,0,0,2,0,0,0,2,0,0,0.0,0,0
20151220,283566,0,185,7,1828,10215,5,4,0,0,0,1,191.75,9,1,141.9,1,9,1,0,0,2,0,0,0,2,0,1,141.9,9,1
20151221,283566,0,185,7,1828,10215,6,4,0,0,0,0,0.0,0,0,0.0,0,0,0,0,0,2,0,0,0,2,0,0,0.0,0,0
20151222,283566,0,185,7,1828,10215,17,6,0,0,1,0,0.0,0,0,0.0,0,0,0,0,0,2,0,0,0,2,0,0,0.0,0,0
20151223,283566,0,185,7,1828,10215,16,10,1,1,0,1,345.16,17,1,255.42,1,17,1,3,0,5,0,3,0,5,0,1,255.42,17,1
20151224,283566,0,185,7,1828,10215,8,6,0,0,0,1,19.18,1,1,14.38,1,1,1,3,0,2,0,2,0,2,0,1,14.38,1,1
20151225,283566,0,185,7,1828,10215,17,8,1,1,2,1,38.35,1,1,28.38,1,1,1,0,2,2,0,0,2,2,0,1,28.38,1,1
20151226,283566,0,185,7,1828,10215,8,1,0,0,0,1,287.63,14,1,203.26,1,14,1,1,0,0,0,1,0,0,0,1,203.26,14,1
20151227,283566,0,185,7,1828,10215,13,3,2,2,0,2,47.56,2,2,47.56,2,2,2,0,0,0,0,0,0,0,0,2,47.56,2,2