20151116,17,1,0,5.113134384155273,25.56,32.58
20151118,17,1,0,7.011737823486328,25.56,32.58
20151213,17,1,14,24.813196182250977,25.56,32.58
20151120,17,1,0,14.950315157572428,25.56,32.58
20151122,17,1,4,22.35869789123535,25.56,32.58
20151120,17,4,6,16.224734942118328,28.13,35.86
20151116,17,4,1,6.130144913991292,28.13,35.86
20151118,17,4,3,9.12284262975057,28.13,35.86
20151122,17,4,14,25.373960494995117,28.13,35.86
20151213,17,4,17,35.9288018544515,28.13,35.86
20151120,29,1,0,1.985795219739278,25.35,32.52
20141228,29,1,0,1.1590572794278462,25.35,32.52
20151116,29,1,0,2.2556188901265464,25.35,32.52
20150426,29,1,0,1.267104943593343,25.35,32.52
20151118,29,1,0,2.1584978898366294,25.35,32.52
20151122,29,1,0,1.985795219739278,25.35,32.52
20151213,29,1,10,1.1387868722279866,25.35,32.52
20151118,29,4,0,2.0196510553359985,27.9,35.8
20151120,29,4,0,2.0086138248443604,27.9,35.8
20151213,29,4,0,0.9011809031168619,27.9,35.8
20151122,29,4,0,2.0086138248443604,27.9,35.8
20151116,29,4,0,2.656481981277466,27.9,35.8
20141228,29,4,0,1.236233075459798,27.9,35.8
20151213,35,1,1,0.23249760766824087,25.12,31.59
20151122,47,1,54,18.492902755737305,26.48,31.4
20151118,47,1,48,15.830468813578287,26.48,31.4
20151120,47,1,50,15.366257031758627,26.48,31.4
20151116,47,1,32,16.01677672068278,26.48,31.4
20151213,47,1,55,49.20154062906901,26.48,31.4
20151116,47,4,37,16.234787940979004,29.15,34.56
20151213,47,4,58,47.39674631754557,29.15,34.56
20151120,47,4,70,15.570359547932943,29.15,34.56
20151122,47,4,71,19.426025390625,29.15,34.56
20151118,47,4,65,16.123474438985188,29.15,34.56
20141228,71,1,0,5.911759535471599,26.08,32.92
20150426,71,1,1,4.658454418182373,26.08,32.92
20151116,71,1,198,4.860383669535319,26.08,32.92
20141228,71,4,0,2.085606098175049,28.71,36.23
20151213,71,4,0,1.194131890932719,28.71,36.23
20150426,71,4,2,1.8303474585215251,28.71,36.23
20141228,74,1,1360,1092.8218994140625,24.46,31.93
20150426,74,1,244,491.3744201660156,24.46,31.93
20151118,74,1,301,341.35573323567706,24.46,31.93
20151120,74,1,358,269.48451741536456,24.46,31.93
20151213,74,1,413,492.7546081542969,24.46,31.93
20151122,74,1,394,238.03062438964844,24.46,31.93
20151116,74,1,281,332.2398986816406,24.46,31.93
20151120,74,4,338,417.1864522298177,26.92,35.15
20151116,74,4,370,328.4261881510417,26.92,35.15
20151122,74,4,363,314.29896036783856,26.92,35.15
20151213,74,4,323,382.4308776855469,26.92,35.15
20141228,74,4,1375,1157.1422322591145,26.92,35.15
20150426,74,4,242,610.9247233072916,26.92,35.15
20151118,74,4,375,366.74183146158856,26.92,35.15
20151213,77,1,2,0.6241079767545065,19.82,37.89
20151122,77,1,0,0.7541857361793518,19.82,37.89
20151118,77,4,0,0.748498260974884,21.81,41.7
20151116,77,4,1,0.748498260974884,21.81,41.7
20151120,77,4,0,0.748498260974884,21.81,41.7
20150426,80,1,0,0.45536373058954877,24.4,40.06
20151213,80,1,0,0.47622544566790265,24.4,40.06
20151116,80,1,0,0.4916721284389496,24.4,40.06
20151122,80,1,0,0.4916721284389496,24.4,40.06
20141228,80,1,0,0.4708104232947032,24.4,40.06
20151118,80,1,0,0.4916721284389496,24.4,40.06
20150426,80,4,0,0.45536373058954877,26.85,44.09
20151116,80,4,0,0.4708104232947032,26.85,44.09
20151118,80,4,0,0.4708104232947032,26.85,44.09
20141228,80,4,0,0.3659643332163493,26.85,44.09
20151122,80,4,0,0.45536373058954877,26.85,44.09
20151213,80,4,1,0.36356742183367413,26.85,44.09
20151120,80,4,0,0.4708104232947032,26.85,44.09
20151213,95,1,2,0.43469886978467304,19.66,33.67
20151213,98,1,49,13.79078451792399,20.39,38.42
20150426,98,1,0,2.512572685877482,20.39,38.42
20151213,98,4,103,33.83414840698242,22.44,42.28
20151118,98,4,0,3.3993923664093018,22.44,42.28
20150426,98,4,3,4.45038366317749,22.44,42.28
20151122,99,0,7,4.737749735514323,37.17,46.68
20151120,99,0,7,4.775679747263591,37.17,46.68
20151118,99,0,8,4.71575387318929,37.17,46.68
20151116,99,0,10,4.534054756164551,37.17,46.68
20151213,99,0,2,4.408135414123535,37.17,46.68
20151120,99,3,0,0.7463246881961823,23.22,29.16
20151116,99,3,0,0.8065377275149027,23.22,29.16
20151122,99,3,0,0.7463246881961823,23.22,29.16
20151118,99,3,0,0.7463246881961823,23.22,29.16
20151122,99,6,0,0.5860540866851807,21.97,27.59
20151120,99,6,0,0.5860540866851807,21.97,27.59
20151213,99,6,0,0.4708104232947032,21.97,27.59
20151120,107,1,0,3.359440247217814,26.23,32.35
20151213,107,1,3,2.3918566703796387,26.23,32.35
20151122,107,1,0,3.319537957509359,26.23,32.35