20150529,979783,6,625,5,9183,9580,41,16,4,1,0,0,0.0,0,0,0.0,0,0,0,0,0,0,0,0,0,0,0,0,0.0,0,0
20150628,979783,6,625,5,9183,9580,20,13,1,1,0,2,176.56,2,2,71.02,2,2,2,0,1,0,0,0,1,0,0,2,71.02,2,2
20150219,979783,6,625,5,9183,9580,6,5,0,0,0,0,0.0,0,0,0.0,0,0,0,0,0,1,0,0,0,1,0,0,0.0,0,0
20151014,979783,6,625,5,9183,9580,6,3,1,1,0,0,0.0,0,0,0.0,0,0,0,0,0,0,0,0,0,0,0,0,0.0,0,0
20150507,979783,6,625,5,9183,9580,7,6,0,0,0,1,117.71,1,1,66.7,1,1,1,0,0,0,0,0,0,0,0,1,66.7,1,1
20151208,979783,6,625,5,9183,9580,10,7,0,0,0,0,0.0,0,0,0.0,0,0,0,0,0,0,0,0,0,0,0,0,0.0,0,0
20150207,979783,6,625,5,9183,9580,10,7,0,0,0,1,58.85,1,1,0.0,0,0,0,0,0,2,0,0,0,2,0,0,0.0,0,0
20151209,979783,6,625,5,9183,9580,13,7,1,1,0,0,0.0,0,0,0.0,0,0,0,1,0,1,0,1,0,1,0,0,0.0,0,0
20151015,979783,6,625,5,9183,9580,14,4,4,1,0,1,353.12,5,1,90.24,1,2,1,0,0,0,0,0,0,0,0,1,90.24,2,1
20150508,979783,6,625,5,9183,9580,15,3,0,0,0,0,0.0,0,0,0.0,0,0,0,0,0,0,0,0,0,0,0,0,0.0,0,0
20150120,979783,6,625,5,9183,9580,13,5,0,0,1,1,58.85,1,1,27.47,1,1,1,0,0,0,0,0,0,0,0,1,27.47,1,1
20151114,979783,6,625,5,9183,9580,11,7,0,0,0,0,0.0,0,0,0.0,0,0,0,0,0,0,0,0,0,0,0,0,0.0,0,0
20150607,979783,6,625,5,9183,9580,20,9,0,0,0,0,0.0,0,0,0.0,0,0,0,0,0,0,0,0,0,0,0,0,0.0,0,0
20150413,979783,6,625,5,9183,9580,7,6,0,0,0,0,0.0,0,0,0.0,0,0,0,1,0,0,0,1,0,0,0,0,0.0,0,0
20141230,979783,6,625,5,9183,9580,1,1,0,0,0,0,0.0,0,0,0.0,0,0,0,0,0,0,0,0,0,0,0,0,0.0,0,0
20150827,979783,6,625,5,9183,9580,4,4,0,0,0,1,58.85,1,1,39.24,1,1,1,0,0,1,0,0,0,1,0,1,39.24,1,1
20150721,979783,6,625,5,9183,9580,78,25,4,1,0,1,117.71,1,1,33.35,1,1,1,0,0,0,0,0,0,0,0,1,33.35,1,1
20150915,979783,6,625,5,9183,9580,1,1,0,0,0,0,0.0,0,0,0.0,0,0,0,0,0,0,0,0,0,0,0,0,0.0,0,0
20150727,979783,6,625,5,9183,9580,19,7,1,1,1,0,0.0,0,0,0.0,0,0,0,0,0,0,0,0,0,0,0,0,0.0,0,0
20150427,979783,6,625,5,9183,9580,1,1,0,0,0,0,0.0,0,0,0.0,0,0,0,0,0,0,0,0,0,0,0,0,0.0,0,0
20151128,979783,6,625,5,9183,9580,7,5,0,0,0,1,647.39,10,1,353.12,1,10,1,0,1,1,0,0,1,1,0,1,353.12,10,1
20151224,979783,6,625,5,9183,9580,11,6,1,1,1,0,0.0,0,0,0.0,0,0,0,0,0,0,0,0,0,0,0,0,0.0,0,0
20150717,979783,6,625,5,9183,9580,41,22,3,3,1,1,117.71,1,1,66.7,1,1,1,0,0,0,0,0,0,0,0,1,66.7,1,1
20150523,979783,6,625,5,9183,9580,1,1,0,0,0,0,0.0,0,0,0.0,0,0,0,0,0,0,0,0,0,0,0,0,0.0,0,0
20151030,979783,6,625,5,9183,9580,9,5,0,0,0,0,0.0,0,0,0.0,0,0,0,1,0,0,0,1,0,0,0,0,0.0,0,0
20150616,979783,6,625,5,9183,9580,7,6,0,0,1,1,58.85,1,1,34.33,1,1,1,0,0,0,0,0,0,0,0,1,34.33,1,1
20150422,979783,6,625,5,9183,9580,8,4,0,0,1,2,353.12,5,1,60.21,1,1,1,0,0,0,0,0,0,0,0,1,60.21,1,1
20151123,979783,6,625,5,9183,9580,45,13,5,1,0,2,176.56,2,2,68.66,1,1,1,0,0,1,0,0,0,1,0,1,68.66,1,1
20150916,979783,6,625,5,9183,9580,5,3,0,0,0,1,58.85,1,1,33.35,1,1,1,1,0,0,0,1,0,0,0,1,33.35,1,1
20150722,979783,6,625,5,9183,9580,34,18,1,1,1,0,0.0,0,0,0.0,0,0,0,0,0,0,0,0,0,0,0,0,0.0,0,0
20150911,979783,6,625,5,9183,9580,1,1,0,0,0,0,0.0,0,0,0.0,0,0,0,0,0,0,0,0,0,0,0,0,0.0,0,0
20150822,979783,6,625,5,9183,9580,18,7,1,1,0,1,117.71,1,1,71.61,1,1,1,3,0,0,0,1,0,0,0,1,71.61,1,1
20150826,979783,6,625,5,9183,9580,12,7,0,0,1,0,0.0,0,0,0.0,0,0,0,0,0,0,0,0,0,0,0,0,0.0,0,0
20150217,979783,6,625,5,9183,9580,24,5,0,0,0,1,176.56,2,1,27.47,1,1,1,0,0,0,0,0,0,0,0,1,27.47,1,1
20150128,979783,6,625,5,9183,9580,8,4,0,0,0,0,0.0,0,0,0.0,0,0,0,0,0,0,0,0,0,0,0,0,0.0,0,0
20150212,979783,6,625,5,9183,9580,2,1,0,0,1,0,0.0,0,0,0.0,0,0,0,0,0,0,0,0,0,0,0,0,0.0,0,0
20151107,979783,6,625,5,9183,9580,28,15,3,1,0,1,58.85,1,1,34.33,1,1,1,0,3,1,0,0,1,1,0,1,34.33,1,1
20150406,979783,6,625,5,9183,9580,23,9,0,0,1,0,0.0,0,0,0.0,0,0,0,0,0,0,0,0,0,0,0,0,0.0,0,0
20150701,979783,6,625,5,9183,9580,9,2,0,0,0,0,0.0,0,0,0.0,0,0,0,0,0,0,0,0,0,0,0,0,0.0,0,0
20141215,979783,6,625,5,9183,9580,1,1,0,0,0,0,0.0,0,0,0.0,0,0,0,0,0,0,0,0,0,0,0,0,0.0,0,0
20150223,979783,6,625,5,9183,9580,3,2,0,0,0,0,0.0,0,0,0.0,0,0,0,0,0,0,0,0,0,0,0,0,0.0,0,0
20151118,979783,6,625,5,9183,9580,8,6,0,0,0,0,0.0,0,0,0.0,0,0,0,0,0,1,0,0,0,1,0,0,0.0,0,0
20141207,979783,6,625,5,9183,9580,1,1,1,1,0,0,0.0,0,0,0.0,0,0,0,0,0,0,0,0,0,0,0,0,0.0,0,0
20150606,979783,6,625,5,9183,9580,14,4,0,0,1,0,0.0,0,0,0.0,0,0,0,0,0,0,0,0,0,0,0,0,0.0,0,0
20151113,979783,6,625,5,9183,9580,13,10,2,1,0,0,0.0,0,0,0.0,0,0,0,0,0,0,0,0,0,0,0,0,0.0,0,0
20150412,979783,6,625,5,9183,9580,4,4,0,0,0,0,0.0,0,0,0.0,0,0,0,0,0,0,0,0,0,0,0,0,0.0,0,0
20150810,979783,6,625,5,9183,9580,7,5,1,1,1,0,0.0,0,0,0.0,0,0,0,0,0,0,0,0,0,0,0,0,0.0,0,0
20141216,979783,6,625,5,9183,9580,7,1,4,1,0,1,58.85,1,1,0.0,0,0,0,0,0,0,0,0,0,0,0,0,0.0,0,0
20141203,979783,6,625,5,9183,9580,1,1,0,0,0,0,0.0,0,0,0.0,0,0,0,0,0,0,0,0,0,0,0,0,0.0,0,0
20150115,979783,6,625,5,9183,9580,7,5,1,1,0,1,58.85,1,1,27.47,1,1,1,0,0,0,0,0,0,0,0,1,27.47,1,1
20150114,981553,2,91,3,3408,23361,10,4,0,0,0,0,0.0,0,0,0.0,0,0,0,0,0,3,0,0,0,1,0,0,0.0,0,0
20141231,981553,2,91,3,3408,23361,10,2,1,1,0,0,0.0,0,0,0.0,0,0,0,0,0,0,0,0,0,0,0,0,0.0,0,0
20151101,981553,2,91,3,3408,23361,25,14,1,1,0,0,0.0,0,0,0.0,0,0,0,0,0,1,0,0,0,1,0,0,0.0,0,0
20141018,981553,2,91,3,3408,23361,4,2,0,0,0,1,240.77,1,1,240.77,1,1,1,0,0,0,0,0,0,0,0,1,240.77,1,1
20150202,981553,2,91,3,3408,23361,5,4,0,0,0,0,0.0,0,0,0.0,0,0,0,0,0,1,0,0,0,1,0,0,0.0,0,0
20150109,981553,2,91,3,3408,23361,4,2,0,0,0,0,0.0,0,0,0.0,0,0,0,0,0,2,0,0,0,1,0,0,0.0,0,0
20150817,981553,2,91,3,3408,23361,2,2,0,0,0,0,0.0,0,0,0.0,0,0,0,0,0,0,0,0,0,0,0,0,0.0,0,0
20150623,981553,2,91,3,3408,23361,7,3,0,0,1,1,240.77,1,1,240.77,1,1,1,0,0,1,0,0,0,1,0,1,240.77,1,1
20151130,981553,2,91,3,3408,23361,62,12,2,1,1,2,2166.93,8,1,2166.93,2,8,1,0,0,4,0,0,0,1,0,2,2166.93,8,1
20150105,981553,2,91,3,3408,23361,10,4,0,0,0,0,0.0,0,0,0.0,0,0,0,0,0,2,0,0,0,1,0,0,0.0,0,0
20141125,981553,2,91,3,3408,23361,22,7,0,0,0,0,0.0,0,0,0.0,0,0,0,0,0,4,0,0,0,4,0,0,0.0,0,0
20150602,981553,2,91,3,3408,23361,7,3,0,0,0,0,0.0,0,0,0.0,0,0,0,0,0,1,0,0,0,1,0,0,0.0,0,0
20150629,981553,2,91,3,3408,23361,10,4,1,1,0,1,240.77,1,1,240.77,1,1,1,0,0,0,0,0,0,0,0,1,240.77,1,1
20151121,981553,2,91,3,3408,23361,24,10,1,1,1,1,1685.39,6,1,1685.39,1,6,1,0,0,1,0,0,0,1,0,1,1685.39,6,1
20150808,981553,2,91,3,3408,23361,4,4,0,0,0,0,0.0,0,0,0.0,0,0,0,0,0,0,0,0,0,0,0,0,0.0,0,0
20150614,981553,2,91,3,3408,23361,4,3,0,0,0,0,0.0,0,0,0.0,0,0,0,0,0,1,0,0,0,1,0,0,0.0,0,0
20150420,981553,2,91,3,3408,23361,7,4,0,0,0,0,0.0,0,0,0.0,0,0,0,0,0,1,0,0,0,1,0,0,0.0,0,0
20150117,981553,2,91,3,3408,23361,18,6,0,0,0,0,0.0,0,0,0.0,0,0,0,0,0,2,0,0,0,1,0,0,0.0,0,0
20141126,981553,2,91,3,3408,23361,5,4,0,0,0,0,0.0,0,0,0.0,0,0,0,0,0,1,0,0,0,1,0,0,0.0,0,0
20141230,981553,2,91,3,3408,23361,13,6,1,1,0,0,0.0,0,0,0.0,0,0,0,0,0,2,0,0,0,1,0,0,0.0,0,0
20141112,981553,2,91,3,3408,23361,9,8,0,0,0,0,0.0,0,0,0.0,0,0,0,0,0,3,0,0,0,3,0,0,0.0,0,0
20150108,981553,2,91,3,3408,23361,18,8,0,0,0,0,0.0,0,0,0.0,0,0,0,0,0,3,0,0,0,1,0,0,0.0,0,0
20150125,981553,2,91,3,3408,23361,1,1,0,0,0,0,0.0,0,0,0.0,0,0,0,0,0,0,0,0,0,0,0,0,0.0,0,0
20150319,981553,2,91,3,3408,23361,11,7,0,0,0,0,0.0,0,0,0.0,0,0,0,0,0,4,0,0,0,3,0,0,0.0,0,0
20141101,981553,2,91,3,3408,23361,11,6,0,0,0,0,0.0,0,0,0.0,0,0,0,0,0,2,0,0,0,2,0,0,0.0,0,0
20141102,981553,2,91,3,3408,23361,16,5,1,1,0,0,0.0,0,0,0.0,0,0,0,0,0,1,0,0,0,1,0,0,0.0,0,0
20141129,981553,2,91,3,3408,23361,8,6,0,0,0,0,0.0,0,0,0.0,0,0,0,0,0,1,0,0,0,1,0,0,0.0,0,0
20150928,981553,2,91,3,3408,23361,11,7,0,0,0,0,0.0,0,0,0.0,0,0,0,0,0,1,0,0,0,1,0,0,0.0,0,0
20150913,981553,2,91,3,3408,23361,8,5,0,0,1,1,240.77,1,1,240.77,1,1,1,0,1,0,0,0,1,0,0,1,240.77,1,1
20141208,981553,2,91,3,3408,23361,29,9,0,0,0,0,0.0,0,0,0.0,0,0,0,0,0,1,0,0,0,1,0,0,0.0,0,0
20141014,981553,2,91,3,3408,23361,7,6,0,0,0,0,0.0,0,0,0.0,0,0,0,0,0,2,0,0,0,2,0,0,0.0,0,0
20141011,981553,2,91,3,3408,23361,6,1,0,0,0,0,0.0,0,0,0.0,0,0,0,0,0,2,0,0,0,1,0,0,0.0,0,0
20141205,981553,2,91,3,3408,23361,3,2,0,0,0,0,0.0,0,0,0.0,0,0,0,0,0,1,0,0,0,1,0,0,0.0,0,0
20151123,981553,2,91,3,3408,23361,15,5,1,1,0,1,240.77,1,1,240.77,1,1,1,0,0,0,0,0,0,0,0,1,240.77,1,1
20150616,981553,2,91,3,3408,23361,4,3,0,0,0,0,0.0,0,0,0.0,0,0,0,0,0,1,0,0,0,1,0,0,0.0,0,0
20150422,981553,2,91,3,3408,23361,3,1,0,0,0,0,0.0,0,0,0.0,0,0,0,0,0,0,0,0,0,0,0,0,0.0,0,0
20150326,981553,2,91,3,3408,23361,9,4,0,0,1,0,0.0,0,0,0.0,0,0,0,0,0,1,0,0,0,1,0,0,0.0,0,0
20151027,981553,2,91,3,3408,23361,7,2,0,0,0,0,0.0,0,0,0.0,0,0,0,0,0,0,0,0,0,0,0,0,0.0,0,0
20141117,981553,2,91,3,3408,23361,15,8,0,0,0,0,0.0,0,0,0.0,0,0,0,0,0,8,0,0,0,5,0,0,0.0,0,0
20151104,981553,2,91,3,3408,23361,38,21,1,1,0,0,0.0,0,0,0.0,0,0,0,0,0,1,0,0,0,1,0,0,0.0,0,0
20150403,981553,2,91,3,3408,23361,2,2,1,1,0,0,0.0,0,0,0.0,0,0,0,0,0,1,0,0,0,1,0,0,0.0,0,0
20150621,981553,2,91,3,3408,23361,1,1,0,0,0,0,0.0,0,0,0.0,0,0,0,0,0,1,0,0,0,1,0,0,0.0,0,0
20150815,981553,2,91,3,3408,23361,19,7,0,0,0,1,481.54,1,1,481.54,1,1,1,0,0,1,0,0,0,1,0,1,481.54,1,1
20150910,981553,2,91,3,3408,23361,12,7,1,1,0,1,240.77,1,1,240.77,1,1,1,0,0,1,0,0,0,1,0,1,240.77,1,1
20150622,981553,2,91,3,3408,23361,1,1,0,0,0,0,0.0,0,0,0.0,0,0,0,0,0,0,0,0,0,0,0,0,0.0,0,0
20150816,981553,2,91,3,3408,23361,10,3,1,1,0,0,0.0,0,0,0.0,0,0,0,0,0,0,0,0,0,0,0,0,0.0,0,0
20151227,981553,2,91,3,3408,23361,5,5,0,0,0,0,0.0,0,0,0.0,0,0,0,0,0,1,0,0,0,1,0,0,0.0,0,0
20150526,981553,2,91,3,3408,23361,9,2,0,0,0,0,0.0,0,0,0.0,0,0,0,0,0,2,0,0,0,1,0,0,0.0,0,0
20150206,981553,2,91,3,3408,23361,5,4,0,0,0,0,0.0,0,0,0.0,0,0,0,0,0,1,0,0,0,1,0,0,0.0,0,0
20150116,981553,2,91,3,3408,23361,17,4,0,0,0,0,0.0,0,0,0.0,0,0,0,0,0,7,0,0,0,2,0,0,0.0,0,0